%YAML:1.0
---
im_size: [ 640, 480 ]
Q: !!opencv-matrix
   rows: 4
   cols: 4
   dt: d
   data: [ 1., 0., 0., -2.1575953865051270e+02, 0., 1., 0.,
       -2.4735097694396973e+02, 0., 0., 0., 1.3329342955722354e+03, 0.,
       0., 1.8281218700103468e+00, 0. ]
leftCameraMat: !!opencv-matrix
   rows: 3
   cols: 3
   dt: d
   data: [ 9.2502200547964651e+02, 0., 3.1546324022723616e+02, 0.,
       9.2973747784964939e+02, 2.2395260393482113e+02, 0., 0., 1. ]
leftDistroCoeff: !!opencv-matrix
   rows: 1
   cols: 5
   dt: d
   data: [ 1.9059492185275659e-01, -4.5912339878711457e+00,
       -9.8517015600190351e-04, -5.3807869206241015e-03,
       2.6029065603586552e+01 ]
rightCameraMat: !!opencv-matrix
   rows: 3
   cols: 3
   dt: d
   data: [ 9.3153443080113686e+02, 0., 3.1674266010308571e+02, 0.,
       9.3696764786390122e+02, 2.5499897066099743e+02, 0., 0., 1. ]
rightDistroCoeff: !!opencv-matrix
   rows: 1
   cols: 5
   dt: d
   data: [ 1.0174610824549943e-01, -3.5493122538258888e+00,
       1.2907856661454895e-02, -9.2587299142332777e-04,
       2.1539899220725768e+01 ]
newLeftCameraMat: !!opencv-matrix
   rows: 3
   cols: 3
   dt: d
   data: [ 9.2643865966796875e+02, 0., 3.1398243091952281e+02, 0.,
       9.2732061767578125e+02, 2.2384975593795934e+02, 0., 0., 1. ]
newRightCameraMat: !!opencv-matrix
   rows: 3
   cols: 3
   dt: d
   data: [ 9.2903094482421875e+02, 0., 3.1661337427775106e+02, 0.,
       9.3194439697265625e+02, 2.5770086090867881e+02, 0., 0., 1. ]
